15
4
3
0 1
2 1
1 3
0 3
2
1
0 1
1 0
10
30
0 1
1 2
2 3
3 4
4 5
5 6
6 7
7 8
8 9
2 0
5 8
1 3
9 1
9 6
7 9
8 4
6 2
9 5
7 5
8 6
4 9
3 5
0 9
0 6
4 2
1 7
1 4
0 8
1 6
2 7
8 0
8
24
0 1
1 2
2 3
3 4
4 5
5 6
6 7
7 1
2 7
2 5
0 5
0 2
6 0
5 7
0 4
2 6
3 1
6 3
7 0
1 5
7 4
7 3
5 3
2 4
7 6
10
30
0 1
1 2
2 3
3 4
4 5
5 6
6 7
7 8
8 9
0 6
3 6
3 5
4 0
7 5
5 0
3 7
9 6
3 8
5 8
6 8
5 9
8 1
4 7
2 5
8 2
1 5
3 1
0 3
1 7
0 8
5 9
12
36
0 1
1 2
2 3
3 4
4 5
5 6
6 7
7 8
8 9
9 10
10 11
2 7
11 1
1 10
10 0
0 9
7 9
4 7
4 8
1 8
10 8
2 10
6 10
3 1
5 7
11 9
6 8
0 8
4 10
6 4
4 1
6 3
0 11
10 5
6 0
8 5
11 4
13
39
0 1
1 2
2 3
3 4
4 5
5 6
6 7
7 8
8 9
9 10
10 11
11 12
12 1
4 12
12 0
4 8
6 10
9 2
5 12
10 12
2 5
6 8
12 9
3 8
6 11
9 7
11 1
3 1
4 10
7 2
5 10
7 0
7 4
6 1
10 3
0 11
7 11
9 6
10 1
11 2
25
75
0 1
1 2
2 3
3 4
4 5
5 6
6 7
7 8
8 9
9 10
10 11
11 12
12 13
13 14
14 15
15 16
16 17
17 18
18 19
19 20
20 21
21 22
22 23
23 24
19 23
2 19
17 10
24 8
20 1
14 10
13 2
18 4
15 18
7 19
14 20
3 19
24 14
7 21
1 16
22 13
20 3
15 20
7 15
19 4
2 15
22 10
10 19
17 11
22 20
15 13
1 3
6 23
10 5
19 6
5 1
6 15
22 24
20 13
9 21
6 24
8 5
15 22
12 17
24 20
16 8
6 8
23 1
1 14
21 15
16 12
2 18
5 20
22 14
8 0
20 0
1 21
36
108
0 1
1 2
2 3
3 4
4 5
5 6
6 7
7 8
8 9
9 10
10 11
11 12
12 13
13 14
14 15
15 16
16 17
17 18
18 19
19 20
20 21
21 22
22 23
23 24
24 25
25 26
26 27
27 28
28 29
29 30
30 31
31 32
32 33
33 34
34 35
9 22
30 0
29 8
20 27
14 0
3 1
32 35
1 9
7 10
26 11
30 9
35 4
26 9
6 18
30 32
22 24
14 6
8 5
16 14
31 7
11 27
33 5
34 24
19 32
25 3
19 14
31 11
22 0
19 7
3 24
6 0
2 29
19 1
6 3
4 34
3 31
23 15
14 25
24 32
17 22
25 16
29 23
28 31
27 5
9 15
14 27
1 31
15 17
20 35
9 19
8 24
11 32
1 13
14 8
22 28
7 12
23 12
13 17
22 12
1 4
29 13
3 8
8 34
6 27
6 24
10 24
5 7
34 10
9 34
10 35
22 34
27 30
18 4
12 8
34
102
0 1
1 2
2 3
3 4
4 5
5 6
6 7
7 8
8 9
9 10
10 11
11 12
12 13
13 14
14 15
15 16
16 17
17 18
18 19
19 20
20 21
21 22
22 23
23 24
24 25
25 26
26 27
27 28
28 29
29 30
30 31
31 32
32 33
15 5
24 21
10 27
19 11
3 15
20 29
9 7
25 20
31 20
24 27
21 18
29 22
29 11
33 24
7 13
16 27
7 10
32 28
22 9
26 32
33 19
31 29
28 1
28 18
27 6
27 29
13 17
11 4
2 13
33 25
1 9
5 3
11 5
30 27
17 30
24 22
10 26
6 15
18 13
26 12
11 24
19 24
10 19
26 16
0 6
24 16
19 3
3 27
33 29
25 29
13 31
24 4
2 20
28 20
4 31
16 8
4 29
10 20
32 19
5 24
16 23
6 20
11 8
16 19
2 10
18 32
7 18
1 21
22 20
25 22
17
51
0 1
1 2
2 3
3 4
4 5
5 6
6 7
7 8
8 9
9 10
10 11
11 12
12 13
13 14
14 15
15 16
3 1
7 13
6 0
0 10
1 15
9 4
16 0
0 5
11 0
12 8
12 2
14 8
12 14
12 3
9 1
15 10
12 6
2 15
3 16
8 4
14 11
5 13
4 1
14 0
10 16
1 10
5 3
7 15
2 9
13 0
0 2
13 15
5 7
9 0
13 16
14 2
27
81
0 1
1 2
2 3
3 4
4 5
5 6
6 7
7 8
8 9
9 10
10 11
11 12
12 13
13 14
14 15
15 16
16 17
17 18
18 19
19 20
20 21
21 22
22 23
23 24
24 25
25 26
26 7
21 19
5 25
15 19
17 20
2 5
25 23
4 20
8 4
15 18
13 0
21 0
9 24
16 6
5 15
18 2
7 0
0 18
13 6
3 20
4 6
19 23
11 22
5 11
22 4
20 25
8 16
21 4
14 23
24 14
17 19
17 10
11 3
3 26
26 4
5 21
17 11
2 12
17 12
1 5
0 12
7 19
17 6
25 14
23 0
23 21
18 25
15 3
20 13
18 13
22 9
7 25
2 15
15 6
1 11
16 10
40
120
0 1
1 2
2 3
3 4
4 5
5 6
6 7
7 8
8 9
9 10
10 11
11 12
12 13
13 14
14 15
15 16
16 17
17 18
18 19
19 20
20 21
21 22
22 23
23 24
24 25
25 26
26 27
27 28
28 29
29 30
30 31
31 32
32 33
33 34
34 35
35 36
36 37
37 38
38 39
33 39
18 29
29 31
3 16
34 39
16 13
29 22
38 31
33 2
16 19
17 6
12 39
15 1
12 21
26 14
2 36
27 20
17 37
29 4
30 16
2 27
6 32
1 36
33 37
20 3
29 17
1 5
30 22
7 3
5 37
28 9
15 33
4 10
23 6
5 14
14 36
33 31
18 9
3 8
37 29
37 23
23 7
10 28
6 1
15 34
6 39
16 7
36 30
24 39
7 27
16 37
25 33
28 20
9 39
5 33
6 14
23 21
2 4
29 33
1 23
6 28
33 10
23 27
16 4
15 0
29 23
29 2
36 19
32 26
18 31
29 34
26 29
26 23
35 2
12 18
18 25
18 0
37 6
26 38
35 18
3 1
11 8
25
75
0 1
1 2
2 3
3 4
4 5
5 6
6 7
7 8
8 9
9 10
10 11
11 12
12 13
13 14
14 15
15 16
16 17
17 18
18 19
19 20
20 21
21 22
22 23
23 24
8 0
20 5
23 14
12 19
4 7
7 13
11 7
22 3
16 2
3 9
20 23
15 24
24 13
9 20
22 1
10 22
12 15
5 0
22 16
9 22
10 19
18 1
14 17
5 16
9 12
18 24
10 16
16 6
6 1
1 23
14 8
1 20
8 1
11 0
8 11
3 18
16 9
7 14
23 5
1 24
2 17
3 19
1 21
22 24
20 16
5 2
1 15
8 20
20 11
4 20
24 16
15 3
28
84
0 1
1 2
2 3
3 4
4 5
5 6
6 7
7 8
8 9
9 10
10 11
11 12
12 13
13 14
14 15
15 16
16 17
17 18
18 19
19 20
20 21
21 22
22 23
23 24
24 25
25 26
26 27
4 25
11 15
9 22
10 1
18 16
26 19
15 9
10 5
24 2
10 4
16 14
18 24
17 22
9 27
0 6
25 10
16 6
4 26
24 8
16 20
8 2
3 6
21 8
22 8
6 15
8 26
5 13
21 16
25 23
24 19
9 2
3 11
13 9
0 12
6 9
27 0
21 23
27 17
13 21
16 9
15 8
27 5
1 15
9 23
13 4
9 7
22 27
23 11
14 6
19 0
14 9
12 9
27 7
6 10
8 27
1 13
0 22
1 1
