30
4
3
0 1
2 1
1 3
0 3
2
1
0 1
1 0
10
30
0 1
1 2
2 3
3 4
4 5
5 6
6 7
7 8
8 9
2 0
5 8
1 3
9 1
9 6
7 9
8 4
6 2
9 5
7 5
8 6
4 9
3 5
0 9
0 6
4 2
1 7
1 4
0 8
1 6
2 7
8 0
8
24
0 1
1 2
2 3
3 4
4 5
5 6
6 7
7 1
2 7
2 5
0 5
0 2
6 0
5 7
0 4
2 6
3 1
6 3
7 0
1 5
7 4
7 3
5 3
2 4
7 6
10
30
0 1
1 2
2 3
3 4
4 5
5 6
6 7
7 8
8 9
0 6
3 6
3 5
4 0
7 5
5 0
3 7
9 6
3 8
5 8
6 8
5 9
8 1
4 7
2 5
8 2
1 5
3 1
0 3
1 7
0 8
5 9
12
36
0 1
1 2
2 3
3 4
4 5
5 6
6 7
7 8
8 9
9 10
10 11
2 7
11 1
1 10
10 0
0 9
7 9
4 7
4 8
1 8
10 8
2 10
6 10
3 1
5 7
11 9
6 8
0 8
4 10
6 4
4 1
6 3
0 11
10 5
6 0
8 5
11 4
13
39
0 1
1 2
2 3
3 4
4 5
5 6
6 7
7 8
8 9
9 10
10 11
11 12
12 1
4 12
12 0
4 8
6 10
9 2
5 12
10 12
2 5
6 8
12 9
3 8
6 11
9 7
11 1
3 1
4 10
7 2
5 10
7 0
7 4
6 1
10 3
0 11
7 11
9 6
10 1
11 2
25
75
0 1
1 2
2 3
3 4
4 5
5 6
6 7
7 8
8 9
9 10
10 11
11 12
12 13
13 14
14 15
15 16
16 17
17 18
18 19
19 20
20 21
21 22
22 23
23 24
19 23
2 19
17 10
24 8
20 1
14 10
13 2
18 4
15 18
7 19
14 20
3 19
24 14
7 21
1 16
22 13
20 3
15 20
7 15
19 4
2 15
22 10
10 19
17 11
22 20
15 13
1 3
6 23
10 5
19 6
5 1
6 15
22 24
20 13
9 21
6 24
8 5
15 22
12 17
24 20
16 8
6 8
23 1
1 14
21 15
16 12
2 18
5 20
22 14
8 0
20 0
1 21
36
108
0 1
1 2
2 3
3 4
4 5
5 6
6 7
7 8
8 9
9 10
10 11
11 12
12 13
13 14
14 15
15 16
16 17
17 18
18 19
19 20
20 21
21 22
22 23
23 24
24 25
25 26
26 27
27 28
28 29
29 30
30 31
31 32
32 33
33 34
34 35
9 22
30 0
29 8
20 27
14 0
3 1
32 35
1 9
7 10
26 11
30 9
35 4
26 9
6 18
30 32
22 24
14 6
8 5
16 14
31 7
11 27
33 5
34 24
19 32
25 3
19 14
31 11
22 0
19 7
3 24
6 0
2 29
19 1
6 3
4 34
3 31
23 15
14 25
24 32
17 22
25 16
29 23
28 31
27 5
9 15
14 27
1 31
15 17
20 35
9 19
8 24
11 32
1 13
14 8
22 28
7 12
23 12
13 17
22 12
1 4
29 13
3 8
8 34
6 27
6 24
10 24
5 7
34 10
9 34
10 35
22 34
27 30
18 4
12 8
34
102
0 1
1 2
2 3
3 4
4 5
5 6
6 7
7 8
8 9
9 10
10 11
11 12
12 13
13 14
14 15
15 16
16 17
17 18
18 19
19 20
20 21
21 22
22 23
23 24
24 25
25 26
26 27
27 28
28 29
29 30
30 31
31 32
32 33
15 5
24 21
10 27
19 11
3 15
20 29
9 7
25 20
31 20
24 27
21 18
29 22
29 11
33 24
7 13
16 27
7 10
32 28
22 9
26 32
33 19
31 29
28 1
28 18
27 6
27 29
13 17
11 4
2 13
33 25
1 9
5 3
11 5
30 27
17 30
24 22
10 26
6 15
18 13
26 12
11 24
19 24
10 19
26 16
0 6
24 16
19 3
3 27
33 29
25 29
13 31
24 4
2 20
28 20
4 31
16 8
4 29
10 20
32 19
5 24
16 23
6 20
11 8
16 19
2 10
18 32
7 18
1 21
22 20
25 22
17
51
0 1
1 2
2 3
3 4
4 5
5 6
6 7
7 8
8 9
9 10
10 11
11 12
12 13
13 14
14 15
15 16
3 1
7 13
6 0
0 10
1 15
9 4
16 0
0 5
11 0
12 8
12 2
14 8
12 14
12 3
9 1
15 10
12 6
2 15
3 16
8 4
14 11
5 13
4 1
14 0
10 16
1 10
5 3
7 15
2 9
13 0
0 2
13 15
5 7
9 0
13 16
14 2
27
81
0 1
1 2
2 3
3 4
4 5
5 6
6 7
7 8
8 9
9 10
10 11
11 12
12 13
13 14
14 15
15 16
16 17
17 18
18 19
19 20
20 21
21 22
22 23
23 24
24 25
25 26
26 7
21 19
5 25
15 19
17 20
2 5
25 23
4 20
8 4
15 18
13 0
21 0
9 24
16 6
5 15
18 2
7 0
0 18
13 6
3 20
4 6
19 23
11 22
5 11
22 4
20 25
8 16
21 4
14 23
24 14
17 19
17 10
11 3
3 26
26 4
5 21
17 11
2 12
17 12
1 5
0 12
7 19
17 6
25 14
23 0
23 21
18 25
15 3
20 13
18 13
22 9
7 25
2 15
15 6
1 11
16 10
40
120
0 1
1 2
2 3
3 4
4 5
5 6
6 7
7 8
8 9
9 10
10 11
11 12
12 13
13 14
14 15
15 16
16 17
17 18
18 19
19 20
20 21
21 22
22 23
23 24
24 25
25 26
26 27
27 28
28 29
29 30
30 31
31 32
32 33
33 34
34 35
35 36
36 37
37 38
38 39
33 39
18 29
29 31
3 16
34 39
16 13
29 22
38 31
33 2
16 19
17 6
12 39
15 1
12 21
26 14
2 36
27 20
17 37
29 4
30 16
2 27
6 32
1 36
33 37
20 3
29 17
1 5
30 22
7 3
5 37
28 9
15 33
4 10
23 6
5 14
14 36
33 31
18 9
3 8
37 29
37 23
23 7
10 28
6 1
15 34
6 39
16 7
36 30
24 39
7 27
16 37
25 33
28 20
9 39
5 33
6 14
23 21
2 4
29 33
1 23
6 28
33 10
23 27
16 4
15 0
29 23
29 2
36 19
32 26
18 31
29 34
26 29
26 23
35 2
12 18
18 25
18 0
37 6
26 38
35 18
3 1
11 8
25
75
0 1
1 2
2 3
3 4
4 5
5 6
6 7
7 8
8 9
9 10
10 11
11 12
12 13
13 14
14 15
15 16
16 17
17 18
18 19
19 20
20 21
21 22
22 23
23 24
8 0
20 5
23 14
12 19
4 7
7 13
11 7
22 3
16 2
3 9
20 23
15 24
24 13
9 20
22 1
10 22
12 15
5 0
22 16
9 22
10 19
18 1
14 17
5 16
9 12
18 24
10 16
16 6
6 1
1 23
14 8
1 20
8 1
11 0
8 11
3 18
16 9
7 14
23 5
1 24
2 17
3 19
1 21
22 24
20 16
5 2
1 15
8 20
20 11
4 20
24 16
15 3
28
84
0 1
1 2
2 3
3 4
4 5
5 6
6 7
7 8
8 9
9 10
10 11
11 12
12 13
13 14
14 15
15 16
16 17
17 18
18 19
19 20
20 21
21 22
22 23
23 24
24 25
25 26
26 27
4 25
11 15
9 22
10 1
18 16
26 19
15 9
10 5
24 2
10 4
16 14
18 24
17 22
9 27
0 6
25 10
16 6
4 26
24 8
16 20
8 2
3 6
21 8
22 8
6 15
8 26
5 13
21 16
25 23
24 19
9 2
3 11
13 9
0 12
6 9
27 0
21 23
27 17
13 21
16 9
15 8
27 5
1 15
9 23
13 4
9 7
22 27
23 11
14 6
19 0
14 9
12 9
27 7
6 10
8 27
1 13
0 22
1 1
90
270
0 1
1 2
2 3
3 4
4 5
5 6
6 7
7 8
8 9
9 10
10 11
11 12
12 13
13 14
14 15
15 16
16 17
17 18
18 19
19 20
20 21
21 22
22 23
23 24
24 25
25 26
26 27
27 28
28 29
29 30
30 31
31 32
32 33
33 34
34 35
35 36
36 37
37 38
38 39
39 40
40 41
41 42
42 43
43 44
44 45
45 46
46 47
47 48
48 49
49 50
50 51
51 52
52 53
53 54
54 55
55 56
56 57
57 58
58 59
59 60
60 61
61 62
62 63
63 64
64 65
65 66
66 67
67 68
68 69
69 70
70 71
71 72
72 73
73 74
74 75
75 76
76 77
77 78
78 79
79 80
80 81
81 82
82 83
83 84
84 85
85 86
86 87
87 88
88 89
17 80
64 84
36 0
23 75
76 24
81 13
60 36
70 77
14 50
35 43
65 87
15 63
69 44
80 24
8 30
68 88
37 24
18 45
57 87
67 52
1 3
21 27
29 47
87 84
0 18
4 86
32 12
22 38
57 84
29 51
77 49
4 78
22 69
8 85
48 43
43 75
70 57
56 14
20 44
62 65
12 40
35 60
52 46
33 65
37 75
82 85
62 54
84 3
36 1
72 31
35 49
42 60
69 63
23 66
46 59
66 51
69 16
48 46
20 60
0 3
47 24
75 38
8 10
37 21
39 50
64 82
85 5
31 75
29 84
63 31
27 80
67 14
35 28
36 25
78 6
76 52
11 16
3 69
31 35
32 56
30 79
70 81
79 31
69 21
74 64
75 8
8 0
3 56
67 45
60 63
51 40
14 34
52 13
3 7
33 27
26 13
49 72
1 73
29 54
56 39
12 60
40 31
40 21
86 2
19 65
39 28
29 16
42 29
76 89
57 25
22 9
48 44
72 83
11 37
85 64
37 69
31 20
33 48
57 20
37 41
26 20
75 55
30 1
9 3
59 62
27 10
82 14
37 72
18 52
55 8
34 66
83 10
37 47
63 16
80 89
88 72
19 75
65 35
33 12
16 50
52 4
27 42
61 19
71 62
6 16
32 77
31 57
76 21
76 10
52 26
2 70
5 40
16 76
45 27
44 37
45 55
38 58
89 2
42 16
59 44
32 19
84 5
50 37
20 53
74 3
1 69
23 56
52 20
28 10
81 16
13 85
15 21
89 40
73 37
17 77
17 49
76 38
82 32
20 51
0 85
1 44
45 87
68
204
0 1
1 2
2 3
3 4
4 5
5 6
6 7
7 8
8 9
9 10
10 11
11 12
12 13
13 14
14 15
15 16
16 17
17 18
18 19
19 20
20 21
21 22
22 23
23 24
24 25
25 26
26 27
27 28
28 29
29 30
30 31
31 32
32 33
33 34
34 35
35 36
36 37
37 38
38 39
39 40
40 41
41 42
42 43
43 44
44 45
45 46
46 47
47 48
48 49
49 50
50 51
51 52
52 53
53 54
54 55
55 56
56 57
57 58
58 59
59 60
60 61
61 62
62 63
63 64
64 65
65 66
66 67
61 35
57 26
63 24
32 16
0 26
29 11
66 50
5 52
21 9
61 10
41 66
22 34
21 17
16 7
31 1
27 57
52 58
42 44
31 57
4 39
56 3
46 24
52 54
66 8
56 39
58 67
24 7
47 3
25 66
17 26
7 49
32 57
27 40
59 10
8 13
31 0
20 2
2 22
24 37
39 60
59 63
45 8
37 16
12 16
31 21
64 11
66 21
13 19
48 24
41 10
52 32
60 48
34 38
61 36
7 17
10 33
46 49
53 51
2 36
36 25
42 7
26 29
63 11
61 30
4 48
53 38
56 31
52 42
45 64
39 25
12 28
4 6
50 62
54 26
28 23
46 17
17 19
49 2
28 47
46 4
11 4
45 50
43 15
7 65
41 13
0 24
20 36
35 44
4 26
44 29
50 22
64 13
37 57
4 20
55 0
49 51
14 11
53 16
62 39
56 0
38 51
9 41
12 42
52 20
59 46
12 26
57 41
11 52
42 27
41 47
34 13
65 58
4 44
65 4
35 2
7 14
2 48
32 40
63 9
20 15
61 54
34 24
30 63
21 38
42 0
39 33
33 35
5 42
55 9
64 9
58 12
26 34
55 15
41 0
42 30
10 15
11 31
60 62
96
288
0 1
1 2
2 3
3 4
4 5
5 6
6 7
7 8
8 9
9 10
10 11
11 12
12 13
13 14
14 15
15 16
16 17
17 18
18 19
19 20
20 21
21 22
22 23
23 24
24 25
25 26
26 27
27 28
28 29
29 30
30 31
31 32
32 33
33 34
34 35
35 36
36 37
37 38
38 39
39 40
40 41
41 42
42 43
43 44
44 45
45 46
46 47
47 48
48 49
49 50
50 51
51 52
52 53
53 54
54 55
55 56
56 57
57 58
58 59
59 60
60 61
61 62
62 63
63 64
64 65
65 66
66 67
67 68
68 69
69 70
70 71
71 72
72 73
73 74
74 75
75 76
76 77
77 78
78 79
79 80
80 81
81 82
82 83
83 84
84 85
85 86
86 87
87 88
88 89
89 90
90 91
91 92
92 93
93 94
94 95
11 63
60 70
87 43
69 67
58 53
83 56
56 93
50 20
25 95
2 39
89 50
43 9
65 47
16 30
55 22
38 23
17 78
71 28
15 76
66 41
42 23
54 87
7 9
63 61
17 56
79 23
6 85
33 5
80 84
74 23
88 46
81 7
22 4
64 7
11 4
27 30
17 77
52 62
81 22
28 59
10 19
6 51
12 21
16 74
10 50
84 43
0 70
80 15
49 59
87 7
90 42
44 0
70 35
16 6
64 80
57 39
77 52
67 26
91 89
43 64
85 75
90 41
89 63
62 58
43 25
63 78
43 12
81 90
36 2
69 85
7 62
5 88
88 0
32 67
6 10
66 64
65 33
72 11
39 22
51 18
0 69
91 26
75 29
5 66
56 1
56 76
87 79
12 89
17 31
68 20
22 46
30 18
22 92
9 89
84 82
54 94
88 8
18 83
68 70
83 1
80 82
58 41
22 19
33 89
56 23
81 14
71 31
93 35
3 57
39 60
48 7
27 74
13 34
60 15
33 62
63 34
54 79
87 53
42 44
81 21
36 84
65 82
4 14
28 32
30 21
40 92
41 84
48 19
51 78
29 0
23 1
2 52
49 12
54 91
81 46
7 28
15 17
77 65
30 72
28 89
3 84
31 90
40 77
1 74
76 63
77 32
30 83
90 71
42 80
31 35
19 65
77 86
1 88
92 5
92 51
70 55
26 63
52 94
22 26
21 89
66 62
22 56
30 26
15 34
73 35
26 84
22 43
9 11
67 16
88 4
71 25
1 65
10 93
79 47
58 4
53 38
59 17
41 78
85 77
47 55
5 22
5 3
61 2
40 7
38 33
84 65
92 54
88 22
93 50
7 90
31 67
80 48
70 45
48 83
83
249
0 1
1 2
2 3
3 4
4 5
5 6
6 7
7 8
8 9
9 10
10 11
11 12
12 13
13 14
14 15
15 16
16 17
17 18
18 19
19 20
20 21
21 22
22 23
23 24
24 25
25 26
26 27
27 28
28 29
29 30
30 31
31 32
32 33
33 34
34 35
35 36
36 37
37 38
38 39
39 40
40 41
41 42
42 43
43 44
44 45
45 46
46 47
47 48
48 49
49 50
50 51
51 52
52 53
53 54
54 55
55 56
56 57
57 58
58 59
59 60
60 61
61 62
62 63
63 64
64 65
65 66
66 67
67 68
68 69
69 70
70 71
71 72
72 73
73 74
74 75
75 76
76 77
77 78
78 79
79 80
80 81
81 82
38 81
75 78
20 78
74 71
12 46
47 28
14 33
53 15
67 20
74 76
35 25
13 44
24 2
37 2
38 10
71 56
10 61
66 77
42 49
57 59
29 71
29 9
11 65
14 35
22 1
13 57
82 57
42 2
78 26
40 80
19 69
29 43
72 10
68 32
53 62
40 33
11 44
51 63
44 52
15 77
71 65
1 12
27 16
82 5
65 74
49 17
14 29
8 40
70 45
42 40
5 35
78 19
23 31
6 28
12 60
71 1
20 40
33 28
5 2
52 76
41 24
59 53
5 54
51 7
2 51
70 42
33 22
18 55
10 3
7 67
27 39
74 81
73 69
49 82
18 5
26 53
7 55
38 42
4 48
60 81
46 34
77 25
70 30
35 66
60 25
19 59
2 19
33 69
8 19
81 2
36 12
36 34
45 17
56 81
77 29
45 5
61 35
16 70
37 15
7 80
77 55
82 77
10 27
35 60
29 41
44 4
4 63
60 15
13 71
7 31
68 45
77 57
11 32
18 72
28 5
3 43
78 24
62 55
58 32
31 63
20 12
71 41
26 24
32 35
63 76
16 58
5 33
68 39
39 53
75 19
43 26
31 51
39 75
50 54
82 68
53 19
66 42
8 1
57 9
67 71
45 82
58 43
3 44
24 4
64 29
15 55
33 26
78 48
39 74
57 50
1 41
39 3
53 20
40 61
14 54
30 66
26 72
0 6
69 22
33 71
1 82
48 38
54 60
34 52
68 54
56 76
37 42
64 73
93
279
0 1
1 2
2 3
3 4
4 5
5 6
6 7
7 8
8 9
9 10
10 11
11 12
12 13
13 14
14 15
15 16
16 17
17 18
18 19
19 20
20 21
21 22
22 23
23 24
24 25
25 26
26 27
27 28
28 29
29 30
30 31
31 32
32 33
33 34
34 35
35 36
36 37
37 38
38 39
39 40
40 41
41 42
42 43
43 44
44 45
45 46
46 47
47 48
48 49
49 50
50 51
51 52
52 53
53 54
54 55
55 56
56 57
57 58
58 59
59 60
60 61
61 62
62 63
63 64
64 65
65 66
66 67
67 68
68 69
69 70
70 71
71 72
72 73
73 74
74 75
75 76
76 77
77 78
78 79
79 80
80 81
81 82
82 83
83 84
84 85
85 86
86 87
87 88
88 89
89 90
90 91
91 92
79 54
16 0
50 60
16 83
80 46
6 75
43 83
25 52
57 30
21 51
12 35
28 3
20 33
39 41
26 65
25 46
11 6
44 50
41 16
28 23
81 36
4 83
78 68
51 89
84 11
60 10
86 78
90 13
14 32
67 73
90 43
3 33
60 11
21 57
52 67
19 82
78 7
72 50
86 63
77 19
40 66
48 83
61 71
35 25
84 37
92 56
53 30
52 80
58 82
33 82
56 43
46 5
2 81
81 76
9 84
5 28
52 4
61 0
9 67
21 26
38 88
11 92
66 41
49 25
50 32
63 77
78 83
11 79
44 9
27 82
62 80
73 22
9 31
40 84
66 36
73 9
76 68
39 16
57 54
36 78
73 20
35 53
21 33
6 58
90 29
61 68
17 46
32 90
81 33
42 60
68 22
9 90
48 25
31 81
24 11
18 58
20 31
1 85
11 23
81 34
13 52
72 63
51 63
80 63
42 80
31 67
48 44
75 59
17 61
6 51
22 58
28 60
63 2
21 7
57 3
20 34
60 49
76 59
26 49
66 71
23 83
6 31
6 38
9 1
35 31
57 45
44 0
92 75
51 11
39 15
30 41
37 19
7 79
2 61
63 1
21 30
14 68
29 69
11 37
11 26
31 62
13 26
64 36
7 24
1 58
3 76
12 52
46 34
25 54
31 46
79 39
55 25
52 65
17 59
88 2
66 75
65 58
44 92
73 49
16 38
83 0
3 24
34 12
39 69
92 77
13 47
53 15
54 12
21 1
72 36
88 78
42 61
25 57
52 58
42 74
38 62
29 64
73 36
23 50
12 0
24 58
70 74
74 67
89 46
52 78
21 5
87 66
6 2
91
273
0 1
1 2
2 3
3 4
4 5
5 6
6 7
7 8
8 9
9 10
10 11
11 12
12 13
13 14
14 15
15 16
16 17
17 18
18 19
19 20
20 21
21 22
22 23
23 24
24 25
25 26
26 27
27 28
28 29
29 30
30 31
31 32
32 33
33 34
34 35
35 36
36 37
37 38
38 39
39 40
40 41
41 42
42 43
43 44
44 45
45 46
46 47
47 48
48 49
49 50
50 51
51 52
52 53
53 54
54 55
55 56
56 57
57 58
58 59
59 60
60 61
61 62
62 63
63 64
64 65
65 66
66 67
67 68
68 69
69 70
70 71
71 72
72 73
73 74
74 75
75 76
76 77
77 78
78 79
79 80
80 81
81 82
82 83
83 84
84 85
85 86
86 87
87 88
88 89
89 90
55 78
88 27
59 76
33 69
61 14
89 35
66 0
65 43
48 52
80 45
1 70
40 56
81 43
36 26
66 14
36 66
50 70
89 40
6 24
1 27
19 54
33 47
69 44
16 9
30 82
26 5
19 24
29 64
71 63
26 54
17 87
0 9
40 27
7 75
11 19
73 32
15 43
35 26
28 25
26 56
50 17
59 77
62 32
43 47
22 11
48 29
88 70
80 77
24 72
54 74
14 35
60 53
59 20
15 59
81 64
67 22
44 41
56 11
3 17
10 48
46 61
35 0
56 69
56 63
57 6
41 32
2 68
73 25
30 21
90 47
37 41
32 39
55 3
8 14
6 31
18 60
11 17
36 78
11 15
52 37
45 37
84 77
71 35
36 38
19 79
74 53
9 66
76 60
36 57
9 30
0 17
50 59
17 57
58 21
13 28
78 75
57 87
0 69
21 82
5 41
19 3
11 61
60 5
62 5
43 46
24 82
32 6
51 59
26 74
62 36
55 59
7 50
26 65
54 62
8 20
16 78
81 47
68 13
18 86
48 33
53 10
35 74
1 42
31 72
59 67
5 50
32 58
43 77
14 69
60 85
46 79
68 18
48 27
70 48
6 28
79 61
56 16
28 15
27 80
12 68
5 20
25 16
14 62
7 84
20 13
41 16
78 12
33 41
69 29
62 13
66 46
15 45
15 83
69 7
6 61
10 30
2 53
38 18
40 58
56 28
56 45
54 87
88 75
8 61
52 89
57 42
0 39
13 26
20 35
56 76
50 41
70 80
14 79
36 82
22 18
63 65
3 57
5 75
0 5
4 39
24 11
69 82
85 77
23 43
68
204
0 1
1 2
2 3
3 4
4 5
5 6
6 7
7 8
8 9
9 10
10 11
11 12
12 13
13 14
14 15
15 16
16 17
17 18
18 19
19 20
20 21
21 22
22 23
23 24
24 25
25 26
26 27
27 28
28 29
29 30
30 31
31 32
32 33
33 34
34 35
35 36
36 37
37 38
38 39
39 40
40 41
41 42
42 43
43 44
44 45
45 46
46 47
47 48
48 49
49 50
50 51
51 52
52 53
53 54
54 55
55 56
56 57
57 58
58 59
59 60
60 61
61 62
62 63
63 64
64 65
65 66
66 67
12 28
15 19
24 46
3 13
44 25
42 61
26 51
43 10
24 49
51 11
36 30
50 58
48 34
14 64
13 24
54 52
46 48
15 4
43 58
43 66
7 47
36 10
7 58
23 61
31 38
0 40
55 62
15 35
21 62
10 19
34 47
61 36
66 38
58 19
51 5
39 43
17 51
28 42
32 30
21 11
62 53
27 22
64 38
2 7
30 16
67 54
12 61
56 37
11 58
2 36
56 18
32 63
34 1
48 15
3 25
25 62
8 21
8 11
56 41
17 10
41 23
14 62
18 67
16 53
13 60
17 44
47 27
30 64
54 11
62 56
54 57
14 46
18 16
12 47
39 4
52 19
32 49
44 55
45 52
35 30
49 63
52 37
46 4
25 17
38 30
63 53
45 57
49 10
17 45
10 5
64 35
40 1
47 51
36 41
11 0
21 30
15 34
19 33
61 53
2 67
6 15
39 24
1 5
66 59
23 8
54 60
13 5
37 28
20 5
48 32
44 60
53 38
55 60
40 26
20 38
0 34
34 59
13 23
60 34
46 63
61 59
18 31
13 48
35 48
5 38
15 22
58 53
41 13
50 35
58 16
6 66
33 37
14 48
40 59
26 61
51 0
3 61
29 26
67
201
0 1
1 2
2 3
3 4
4 5
5 6
6 7
7 8
8 9
9 10
10 11
11 12
12 13
13 14
14 15
15 16
16 17
17 18
18 19
19 20
20 21
21 22
22 23
23 24
24 25
25 26
26 27
27 28
28 29
29 30
30 31
31 32
32 33
33 34
34 35
35 36
36 37
37 38
38 39
39 40
40 41
41 42
42 43
43 44
44 45
45 46
46 47
47 48
48 49
49 50
50 51
51 52
52 53
53 54
54 55
55 56
56 57
57 58
58 59
59 60
60 61
61 62
62 63
63 64
64 65
65 66
16 7
43 6
19 21
64 3
56 40
52 7
46 59
6 45
59 2
66 13
21 61
58 48
35 61
63 12
33 5
28 51
56 29
29 8
31 7
15 2
33 55
20 63
64 38
65 44
51 66
38 66
1 25
60 54
24 21
61 33
10 37
46 18
30 42
34 38
13 34
12 54
38 4
54 46
32 15
26 12
50 8
45 52
11 52
42 19
32 8
45 21
47 19
54 26
38 56
28 63
9 29
7 48
33 37
58 1
20 14
57 55
65 62
45 47
44 38
12 22
27 37
25 41
35 20
8 65
14 12
32 61
36 4
3 30
20 44
24 15
57 3
33 31
33 58
53 18
39 66
3 49
16 41
55 52
27 43
61 58
46 21
58 46
47 61
66 61
50 35
16 62
50 27
31 20
33 1
36 20
15 37
14 30
4 31
35 13
51 45
6 2
45 22
10 55
2 33
9 24
40 10
28 35
31 13
59 48
33 40
20 62
22 39
52 28
44 34
15 57
66 3
31 46
61 10
33 25
56 49
11 21
23 65
3 0
38 31
20 42
14 41
61 26
52 0
53 10
61 16
26 31
29 21
28 58
29 10
4 62
7 10
62 34
63 44
48 4
37 57
37 41
61
183
0 1
1 2
2 3
3 4
4 5
5 6
6 7
7 8
8 9
9 10
10 11
11 12
12 13
13 14
14 15
15 16
16 17
17 18
18 19
19 20
20 21
21 22
22 23
23 24
24 25
25 26
26 27
27 28
28 29
29 30
30 31
31 32
32 33
33 34
34 35
35 36
36 37
37 38
38 39
39 40
40 41
41 42
42 43
43 44
44 45
45 46
46 47
47 48
48 49
49 50
50 51
51 52
52 53
53 54
54 55
55 56
56 57
57 58
58 59
59 60
30 45
47 7
10 32
20 29
23 50
0 13
24 38
35 4
41 33
45 7
47 30
7 4
17 4
21 38
23 55
56 5
58 22
60 47
23 6
27 23
41 6
18 2
54 13
51 21
56 38
7 31
5 21
47 4
21 28
47 23
55 48
40 7
44 4
9 18
49 56
22 2
41 55
38 15
39 18
37 2
59 6
57 45
20 28
26 18
55 30
18 5
43 15
57 36
39 52
33 38
48 42
9 12
51 56
54 59
1 19
19 29
16 34
20 46
3 1
59 11
7 3
56 26
55 33
13 48
58 12
43 50
30 5
0 58
56 50
53 28
11 23
30 16
2 19
26 9
1 35
42 8
54 31
27 41
22 25
16 7
49 60
26 0
24 42
15 8
26 54
26 5
4 60
37 1
33 18
2 25
59 46
35 25
17 42
44 16
28 17
48 10
15 28
39 3
54 38
34 43
32 41
56 31
31 16
55 38
23 53
55 60
58 30
11 34
38 44
23 25
19 8
12 4
55 35
7 54
6 51
54 29
32 42
5 14
51 16
34 57
51 12
50 37
39 44
54 32
96
288
0 1
1 2
2 3
3 4
4 5
5 6
6 7
7 8
8 9
9 10
10 11
11 12
12 13
13 14
14 15
15 16
16 17
17 18
18 19
19 20
20 21
21 22
22 23
23 24
24 25
25 26
26 27
27 28
28 29
29 30
30 31
31 32
32 33
33 34
34 35
35 36
36 37
37 38
38 39
39 40
40 41
41 42
42 43
43 44
44 45
45 46
46 47
47 48
48 49
49 50
50 51
51 52
52 53
53 54
54 55
55 56
56 57
57 58
58 59
59 60
60 61
61 62
62 63
63 64
64 65
65 66
66 67
67 68
68 69
69 70
70 71
71 72
72 73
73 74
74 75
75 76
76 77
77 78
78 79
79 80
80 81
81 82
82 83
83 84
84 85
85 86
86 87
87 88
88 89
89 90
90 91
91 92
92 93
93 94
94 95
25 20
82 87
87 27
79 5
95 15
57 59
42 75
76 15
65 72
76 43
91 50
68 59
66 93
78 68
51 88
83 7
86 53
6 56
94 79
36 24
16 95
35 18
95 33
72 31
63 34
36 19
54 12
58 8
6 4
83 93
52 80
88 93
37 22
27 22
55 78
70 18
4 56
80 64
57 66
24 15
82 36
12 72
37 77
10 66
2 29
37 16
89 21
11 61
28 11
68 90
7 34
93 87
93 26
5 81
53 68
23 11
53 24
26 0
61 10
70 23
39 59
40 24
13 44
39 95
76 24
72 15
72 34
15 8
49 77
71 59
4 43
68 61
52 24
7 59
10 71
1 46
27 79
89 93
54 76
92 4
79 59
3 22
5 14
70 57
62 39
46 64
70 78
23 42
90 66
84 77
68 77
20 44
8 90
4 17
94 11
85 55
64 6
63 39
39 16
82 61
92 44
39 6
7 24
28 60
4 2
55 92
12 17
22 14
41 69
30 57
37 89
5 59
93 23
24 59
74 4
43 40
53 50
65 79
58 50
42 83
56 30
29 65
95 82
36 92
27 59
79 10
37 67
15 69
65 5
65 41
75 68
20 60
39 25
17 15
81 71
34 8
0 10
6 22
11 47
5 50
51 35
41 7
73 34
74 36
16 50
11 48
3 82
95 30
90 45
49 1
9 83
34 66
10 73
51 79
61 64
12 4
32 83
84 22
33 60
88 9
1 64
27 53
81 17
67 54
68 56
19 81
87 20
59 95
24 14
92 48
74 72
63 23
38 41
91 20
28 58
19 27
58 70
88 48
47 13
55 93
46 34
67 53
44 85
62 42
36 71
52 31
59 61
8 33
9 38
52 9
62 50
76 78
73 65
75 42
94
282
0 1
1 2
2 3
3 4
4 5
5 6
6 7
7 8
8 9
9 10
10 11
11 12
12 13
13 14
14 15
15 16
16 17
17 18
18 19
19 20
20 21
21 22
22 23
23 24
24 25
25 26
26 27
27 28
28 29
29 30
30 31
31 32
32 33
33 34
34 35
35 36
36 37
37 38
38 39
39 40
40 41
41 42
42 43
43 44
44 45
45 46
46 47
47 48
48 49
49 50
50 51
51 52
52 53
53 54
54 55
55 56
56 57
57 58
58 59
59 60
60 61
61 62
62 63
63 64
64 65
65 66
66 67
67 68
68 69
69 70
70 71
71 72
72 73
73 74
74 75
75 76
76 77
77 78
78 79
79 80
80 81
81 82
82 83
83 84
84 85
85 86
86 87
87 88
88 89
89 90
90 91
91 92
92 93
61 3
11 16
54 80
36 64
43 92
55 43
48 55
81 23
38 45
6 79
90 13
57 82
24 5
8 50
63 11
34 89
36 63
14 72
49 28
54 19
15 76
1 56
32 26
40 66
5 7
46 27
69 66
21 13
2 13
42 18
67 72
91 23
49 18
31 33
32 74
81 53
72 34
77 83
17 49
75 14
77 0
47 41
21 69
18 38
31 53
69 6
73 17
69 44
89 44
1 11
15 89
41 15
73 47
49 5
50 16
79 41
38 59
78 30
12 20
62 10
45 57
43 69
51 89
16 64
5 83
48 65
58 27
37 40
37 70
34 56
80 76
3 88
20 23
24 70
34 43
34 18
93 24
71 65
37 80
10 54
0 38
92 51
9 20
69 25
18 46
87 12
43 11
74 89
24 60
23 86
70 10
93 4
40 8
90 34
39 37
40 33
52 43
68 5
77 7
83 49
25 47
83 41
2 32
40 64
78 40
69 33
66 29
46 35
11 13
4 81
78 88
75 65
56 19
46 9
0 62
69 11
3 48
78 5
91 1
47 18
52 16
17 25
59 14
92 6
57 47
65 10
44 5
68 78
75 51
17 14
93 0
16 14
80 0
46 53
79 40
40 32
80 38
71 53
44 52
53 12
27 22
25 30
50 6
82 52
58 37
75 86
3 27
8 39
42 64
26 70
81 43
28 2
4 20
6 27
72 2
73 90
19 81
77 27
73 12
51 11
17 82
12 24
12 93
70 31
26 23
71 0
4 70
37 62
64 81
0 39
14 70
93 81
90 58
83 91
80 60
50 87
65 13
91 82
55 2
90 3
69 28
35 26
79 43
85 63
69 58
47 40
87 23
4 12
93 74
13 44
88
264
0 1
1 2
2 3
3 4
4 5
5 6
6 7
7 8
8 9
9 10
10 11
11 12
12 13
13 14
14 15
15 16
16 17
17 18
18 19
19 20
20 21
21 22
22 23
23 24
24 25
25 26
26 27
27 28
28 29
29 30
30 31
31 32
32 33
33 34
34 35
35 36
36 37
37 38
38 39
39 40
40 41
41 42
42 43
43 44
44 45
45 46
46 47
47 48
48 49
49 50
50 51
51 52
52 53
53 54
54 55
55 56
56 57
57 58
58 59
59 60
60 61
61 62
62 63
63 64
64 65
65 66
66 67
67 68
68 69
69 70
70 71
71 72
72 73
73 74
74 75
75 76
76 77
77 78
78 79
79 80
80 81
81 82
82 83
83 84
84 85
85 86
86 87
25 48
21 6
60 56
57 21
43 8
81 61
49 31
21 54
34 82
32 64
13 53
29 81
17 0
58 32
36 53
43 86
52 24
13 60
57 69
16 68
5 10
85 60
20 36
73 19
54 59
9 36
60 10
36 70
45 2
3 61
78 9
10 46
33 53
33 12
24 18
21 27
14 77
26 83
84 7
43 3
87 4
12 10
3 87
37 27
18 39
81 4
33 74
28 39
84 71
31 0
23 29
24 3
12 6
73 45
69 53
49 51
42 48
86 3
36 39
9 34
9 76
3 21
25 3
7 52
39 20
71 52
68 37
9 46
48 11
20 0
70 40
30 37
53 74
58 63
25 16
71 57
26 59
17 51
13 27
61 86
58 75
80 37
7 19
87 17
24 84
46 34
45 23
29 6
48 70
51 22
82 52
77 69
24 58
55 14
32 59
38 11
81 67
27 68
16 1
81 1
36 13
68 62
69 0
34 47
78 41
33 20
7 66
25 40
55 43
76 44
76 57
43 67
33 59
78 28
80 64
2 68
33 64
74 13
5 77
7 12
14 82
61 80
41 36
84 64
7 27
76 73
75 60
63 26
7 14
20 61
9 28
22 58
60 84
17 36
34 66
23 17
79 3
48 23
18 75
1 10
60 3
13 3
37 10
46 21
32 72
80 21
37 14
22 75
47 50
5 12
59 4
77 32
4 44
27 53
78 86
74 52
26 8
12 50
26 3
20 18
54 56
77 29
8 73
72 40
82 50
36 38
29 42
24 4
75 1
0 48
32 8
56 33
7 36
71 43
20 62
18 46
8 30
35 70
88
264
0 1
1 2
2 3
3 4
4 5
5 6
6 7
7 8
8 9
9 10
10 11
11 12
12 13
13 14
14 15
15 16
16 17
17 18
18 19
19 20
20 21
21 22
22 23
23 24
24 25
25 26
26 27
27 28
28 29
29 30
30 31
31 32
32 33
33 34
34 35
35 36
36 37
37 38
38 39
39 40
40 41
41 42
42 43
43 44
44 45
45 46
46 47
47 48
48 49
49 50
50 51
51 52
52 53
53 54
54 55
55 56
56 57
57 58
58 59
59 60
60 61
61 62
62 63
63 64
64 65
65 66
66 67
67 68
68 69
69 70
70 71
71 72
72 73
73 74
74 75
75 76
76 77
77 78
78 79
79 80
80 81
81 82
82 83
83 84
84 85
85 86
86 87
38 24
60 23
72 62
29 83
41 39
10 53
66 82
0 52
69 26
56 84
37 81
41 51
41 47
85 44
18 77
50 10
19 7
50 15
9 34
5 85
18 34
43 64
74 55
69 73
55 25
63 58
37 83
10 18
86 50
33 25
45 19
7 40
52 75
30 41
38 84
53 57
78 35
49 2
80 16
8 38
34 72
14 27
32 61
82 34
42 76
15 87
3 26
59 19
0 9
80 65
17 82
54 23
71 8
16 57
87 55
22 26
29 37
59 5
85 24
16 76
45 16
32 14
87 46
21 70
6 45
67 9
79 87
28 9
75 67
20 8
65 70
85 54
57 64
22 15
78 73
47 31
67 60
65 40
52 77
1 66
48 55
23 31
15 48
45 67
75 22
15 3
77 27
69 82
86 2
73 44
44 40
72 84
45 72
62 24
9 42
85 42
32 59
33 45
86 14
5 43
17 44
68 54
51 30
18 51
85 59
23 13
70 36
8 56
53 7
29 52
59 49
34 58
41 56
29 22
2 55
20 58
63 80
21 43
44 42
85 58
84 78
66 56
31 65
54 32
62 12
7 9
4 18
50 34
15 72
76 30
77 5
68 72
84 57
11 7
62 15
16 43
38 56
19 15
43 22
36 34
83 23
40 19
85 19
3 17
27 73
84 47
16 71
10 79
77 35
1 13
52 3
60 29
57 2
85 8
53 60
43 58
37 4
4 87
43 19
19 48
83 36
43 49
33 70
77 37
73 18
78 83
70 53
69 42
56 48
67 11
28 71
85 70
29 17
76 50
7 44
75 47
11 16
7 54
82
246
0 1
1 2
2 3
3 4
4 5
5 6
6 7
7 8
8 9
9 10
10 11
11 12
12 13
13 14
14 15
15 16
16 17
17 18
18 19
19 20
20 21
21 22
22 23
23 24
24 25
25 26
26 27
27 28
28 29
29 30
30 31
31 32
32 33
33 34
34 35
35 36
36 37
37 38
38 39
39 40
40 41
41 42
42 43
43 44
44 45
45 46
46 47
47 48
48 49
49 50
50 51
51 52
52 53
53 54
54 55
55 56
56 57
57 58
58 59
59 60
60 61
61 62
62 63
63 64
64 65
65 66
66 67
67 68
68 69
69 70
70 71
71 72
72 73
73 74
74 75
75 76
76 77
77 78
78 79
79 80
80 81
7 9
8 2
33 73
76 74
38 10
63 51
12 52
46 43
44 36
14 18
62 28
64 33
30 55
12 36
43 27
21 7
34 23
42 77
49 21
9 57
12 70
14 56
6 76
37 67
42 9
70 63
43 16
51 15
18 16
8 44
0 15
21 55
30 80
57 77
68 24
68 64
25 66
35 8
31 40
31 70
10 46
64 52
54 76
75 57
62 8
23 46
20 76
61 46
58 32
76 25
60 63
5 25
13 71
46 52
47 0
72 4
17 25
5 54
64 23
58 36
3 16
67 54
25 6
35 66
14 31
47 59
31 16
30 43
19 72
41 47
45 4
4 14
48 52
55 50
24 75
17 7
36 2
35 74
4 24
51 31
59 11
50 74
26 77
55 2
23 53
81 1
9 46
33 0
76 55
53 20
49 81
38 11
69 81
71 54
59 39
66 18
17 56
72 64
21 14
36 48
81 46
15 67
72 66
38 40
12 68
30 10
2 53
17 19
60 74
23 18
47 18
36 10
39 52
20 38
11 55
23 6
35 4
30 73
81 56
76 68
30 5
81 27
76 29
17 80
22 36
79 46
47 1
61 30
12 65
79 56
58 71
0 31
0 81
62 38
23 69
29 36
16 21
58 28
49 10
9 45
53 21
20 23
80 61
2 7
75 55
11 6
41 44
8 27
47 75
64 1
38 81
22 0
18 68
59 73
45 17
47 81
59 48
1 65
27 72
49 0
81 75
2 40
65 4
16 48
61 48
61 49
80
240
0 1
1 2
2 3
3 4
4 5
5 6
6 7
7 8
8 9
9 10
10 11
11 12
12 13
13 14
14 15
15 16
16 17
17 18
18 19
19 20
20 21
21 22
22 23
23 24
24 25
25 26
26 27
27 28
28 29
29 30
30 31
31 32
32 33
33 34
34 35
35 36
36 37
37 38
38 39
39 40
40 41
41 42
42 43
43 44
44 45
45 46
46 47
47 48
48 49
49 50
50 51
51 52
52 53
53 54
54 55
55 56
56 57
57 58
58 59
59 60
60 61
61 62
62 63
63 64
64 65
65 66
66 67
67 68
68 69
69 70
70 71
71 72
72 73
73 74
74 75
75 76
76 77
77 78
78 79
39 62
35 38
25 74
78 29
14 28
3 46
44 5
78 53
73 17
47 21
51 23
61 5
50 33
46 8
27 14
68 66
22 68
10 24
66 73
15 55
39 52
18 55
28 64
79 49
74 65
72 47
65 9
40 52
26 29
52 60
44 68
35 0
64 61
46 32
13 45
23 4
73 71
57 67
37 60
13 26
68 18
21 38
2 68
13 20
7 74
31 54
59 10
54 41
44 31
53 37
45 25
56 53
18 69
59 7
25 15
10 70
11 5
57 22
68 29
5 47
46 10
42 78
53 59
55 8
55 37
63 17
42 2
17 29
18 74
10 52
67 1
57 27
68 32
52 48
5 40
41 22
2 21
7 66
8 48
14 37
24 55
20 28
58 1
58 4
51 44
30 34
34 18
72 12
61 29
17 49
27 18
45 28
77 47
3 72
56 14
28 78
69 29
11 4
45 5
16 8
55 66
14 2
78 48
62 69
6 18
69 7
16 73
36 50
28 67
63 73
14 17
48 14
37 46
60 19
72 61
22 32
33 18
51 37
46 36
54 1
13 1
74 2
4 28
76 1
56 31
51 57
54 5
15 28
69 42
75 58
58 32
33 17
10 17
66 32
5 38
37 17
49 23
64 70
69 4
53 35
55 68
47 60
40 59
45 0
78 17
78 22
34 49
62 55
12 0
0 77
27 79
12 42
57 49
79 17
65 16
21 78
25 20
76 56
71 33
64 48
40 27
17 61
